Dynamics Check for SC[0]

Nb:  1   Ng:  0
Mass:  12.000000
cm:  0.050000 0.120000 0.180000
I  :  0.167150  -0.000000  -0.000000 
     -0.000000  0.125940  -0.000000 
      -0.000000 -0.000000  0.061210
PosR:  0.000000 0.000000 -0.000000
VelR:  0.000000 0.000000 -0.000000

Dyn Structure
-------------
Nu:  6   Nx:  7  Nf:  0
u[00]: 0.005236
u[01]: 0.006981
u[02]: 0.008727
u[03]: 0.000000
u[04]: 0.000000
u[05]: 0.000000

x[00]: -0.477986
x[01]: 0.751626
x[02]: -0.452790
x[03]: 0.039614
x[04]: 0.000000
x[05]: 0.000000
x[06]: 0.000000



Body Structure [00]
-------------------
Mass:  12.000000
cm:  0.050000 0.120000 0.180000
c:   0.000000 0.000000 0.000000
I:  0.167150 -0.000000 -0.000000
     -0.000000 0.125940 -0.000000
   -0.000000 -0.000000 0.061210
wn:  0.005236 0.006981 0.008727
qn:  -0.477986 0.751626 -0.452790 0.039614
vn:  0.000000 0.000000 0.000000
pn:  0.000000 0.000000 0.000000

CN:
-0.539921 -0.754407 0.373304
-0.682659 0.133022 -0.718527
0.492404 -0.642788 -0.586824
Nf: 0   f0: 0
Mf:

Kf:

Cf:

Pf:




Hf:





